Factorials:
230843697339241380472092742683027581083278564571807941132288000000000000
3628800
39455239697206586511897471180120610571436503407643446275224357528369751562996629334879591940103770870906880000000000000000000
1885494701666050254987932260861146558230394535379329335672487982961844043495537923117729972224000000000000000000
138683118545689835737939019720389406345902876772687432540821294940160000000000000
608281864034267560872252163321295376887552831379210240000000000
620448401733239439360000
523022617466601111760007224100074291200000000
304888344611713860501504000000
850478588567862317521167644239926010288584608120796235886430763388588680378079017697280000000000000000
39455239697206586511897471180120610571436503407643446275224357528369751562996629334879591940103770870906880000000000000000000
5040
479001600
6402373705728000
121645100408832000
24227095383672732381765523203441259715284870552429381750838764496720162249742450276789464634901319465571660595200000000000000000000
126886932185884164103433389335161480802865516174545192198801894375214704230400000000000000
620448401733239439360000
15511210043330985984000000
1405006117752879898543142606244511569936384000000000
12696403353658275925965100847566516959580321051449436762275840000000000000
25852016738884976640000
11324281178206297831457521158732046228731749579488251990048962825668835325234200766245086213177344000000000000000000
710998587804863451854045647463724949736497978881168458687447040000000000000
608281864034267560872252163321295376887552831379210240000000000
479001600
523022617466601111760007224100074291200000000
71569457046263802294811533723186532165584657342365752577109445058227039255480148842668944867280814080000000000000000000
6402373705728000
1485715964481761497309522733620825737885569961284688766942216863704985393094065876545992131370884059645617234469978112000000000000000000000
230843697339241380472092742683027581083278564571807941132288000000000000
263130836933693530167218012160000000
2480035542436830599600990418569171581047399201355367672371710738018221445712183296000000000000000
258623241511168180642964355153611979969197632389120000000000
11324281178206297831457521158732046228731749579488251990048962825668835325234200766245086213177344000000000000000000
135200152767840296255166568759495142147586866476906677791741734597153670771559994765685283954750449427751168336768008192000000000000000000000
12696403353658275925965100847566516959580321051449436762275840000000000000
51090942171709440000
119622220865480194561963161495657715064383733760000000000
119622220865480194561963161495657715064383733760000000000
230843697339241380472092742683027581083278564571807941132288000000000000
620448401733239439360000
5040
108736615665674308027365285256786601004186803580182872307497374434045199869417927630229109214583415458560865651202385340530688000000000000000000000
720
126886932185884164103433389335161480802865516174545192198801894375214704230400000000000000
2658271574788448768043625811014615890319638528000000000
3628800
2107757298379527717213600518699389595229783738061356212322972511214654115727593174080683423236414793504734471782400000000000000000000
31469973260387937525653122354950764088012280797258232192163168247821107200000000000000
135200152767840296255166568759495142147586866476906677791741734597153670771559994765685283954750449427751168336768008192000000000000000000000
8683317618811886495518194401280000000
2432902008176640000
620448401733239439360000
20397882081197443358640281739902897356800000000
10329978488239059262599702099394727095397746340117372869212250571234293987594703124871765375385424468563282236864226607350415360000000000000000000000
5797126020747367985879734231578109105412357244731625958745865049716390179693892056256184534249745940480000000000000000000
371993326789901217467999448150835200000000
620448401733239439360000
87178291200
20397882081197443358640281739902897356800000000
304888344611713860501504000000
11978571669969891796072783721689098736458938142546425857555362864628009582789845319680000000000000000
61234458376886086861524070385274672740778091784697328983823014963978384987221689274204160000000000000000
4470115461512684340891257138125051110076800700282905015819080092370422104067183317016903680000000000000000
815915283247897734345611269596115894272000000000
2432902008176640000
304888344611713860501504000000
8222838654177922817725562880000000
304888344611713860501504000000
20397882081197443358640281739902897356800000000
6227020800
720
61234458376886086861524070385274672740778091784697328983823014963978384987221689274204160000000000000000
8222838654177922817725562880000000
230843697339241380472092742683027581083278564571807941132288000000000000
608281864034267560872252163321295376887552831379210240000000000
40320
10888869450418352160768000000
12438414054641307255475324325873553077577991715875414356840239582938137710983519518443046123837041347353107486982656753664000000000000000000000
1124000727777607680000
60415263063373835637355132068513997507264512000000000
991677934870949689209571401541893801158183648651267795444376054838492222809091499987689476037000748982075094738965754305639874560000000000000000000000
39455239697206586511897471180120610571436503407643446275224357528369751562996629334879591940103770870906880000000000000000000
1485715964481761497309522733620825737885569961284688766942216863704985393094065876545992131370884059645617234469978112000000000000000000000
933262154439441526816992388562667004907159682643816214685929638952175999932299156089414639761565182862536979208272237582511852109168640000000000000000000000
544344939077443064003729240247842752644293064388798874532860126869671081148416000000000000000
30414093201713378043612608166064768844377641568960512000000000000
304888344611713860501504000000
145183092028285869634070784086308284983740379224208358846781574688061991349156420080065207861248000000000000000000
185482642257398439114796845645546284380220968949399346684421580986889562184028199319100141244804501828416633516851200000000000000000000
479001600
1124000727777607680000
544344939077443064003729240247842752644293064388798874532860126869671081148416000000000000000
16507955160908461081216919262453619309839666236496541854913520707833171034378509739399912570787600662729080382999756800000000000000000000
1307674368000
608281864034267560872252163321295376887552831379210240000000000
93326215443944152681699238856266700490715968264381621468592963895217599993229915608941463976156518286253697920827223758251185210916864000000000000000000000000
39455239697206586511897471180120610571436503407643446275224357528369751562996629334879591940103770870906880000000000000000000
258623241511168180642964355153611979969197632389120000000000
